# R script for Peak Model
#  -- generated by MACS
p <- c(0.0149247834809,0.015802711921,0.017119604581,0.0175585688011,0.0193144256812,0.0206313183412,0.0215092467813,0.0219482110013,0.0219482110013,0.0232651036614,0.0241430321015,0.0250209605415,0.0254599247615,0.0258988889816,0.0272157816416,0.0280937100817,0.0285326743017,0.0298495669618,0.0302885311818,0.0298495669618,0.0294106027418,0.0298495669618,0.0289716385217,0.0294106027418,0.0280937100817,0.0272157816416,0.0280937100817,0.0280937100817,0.0276547458617,0.0276547458617,0.0276547458617,0.0272157816416,0.0263378532016,0.0258988889816,0.0267768174216,0.0272157816416,0.0276547458617,0.0285326743017,0.0289716385217,0.0285326743017,0.0285326743017,0.0294106027418,0.0302885311818,0.0307274954018,0.0298495669618,0.0298495669618,0.0302885311818,0.0298495669618,0.0289716385217,0.0289716385217,0.0294106027418,0.0285326743017,0.0285326743017,0.0280937100817,0.0280937100817,0.0294106027418,0.0302885311818,0.0302885311818,0.0302885311818,0.0302885311818,0.0302885311818,0.0307274954018,0.0307274954018,0.0302885311818,0.0298495669618,0.0302885311818,0.0294106027418,0.0289716385217,0.0285326743017,0.0276547458617,0.0258988889816,0.0250209605415,0.0241430321015,0.0241430321015,0.0237040678814,0.0223871752213,0.0228261394414,0.0219482110013,0.0223871752213,0.0219482110013,0.0219482110013,0.0232651036614,0.0241430321015,0.0241430321015,0.0237040678814,0.0241430321015,0.0241430321015,0.0237040678814,0.0241430321015,0.0223871752213,0.0219482110013,0.0223871752213,0.0232651036614,0.0232651036614,0.0241430321015,0.0228261394414,0.0232651036614,0.0232651036614,0.0237040678814,0.0232651036614,0.0232651036614,0.0232651036614,0.0241430321015,0.0241430321015,0.0250209605415,0.0258988889816,0.0250209605415,0.0250209605415,0.0254599247615,0.0254599247615,0.0250209605415,0.0250209605415,0.0250209605415,0.0250209605415,0.0258988889816,0.0254599247615,0.0245819963215,0.0245819963215,0.0254599247615,0.0254599247615,0.0258988889816,0.0263378532016,0.0254599247615,0.0254599247615,0.0263378532016,0.0258988889816,0.0245819963215,0.0245819963215,0.0241430321015,0.0245819963215,0.0245819963215,0.0254599247615,0.0254599247615,0.0254599247615,0.0250209605415,0.0250209605415,0.0250209605415,0.0254599247615,0.0258988889816,0.0250209605415,0.0250209605415,0.0245819963215,0.0245819963215,0.0245819963215,0.0245819963215,0.0250209605415,0.0272157816416,0.0267768174216,0.0258988889816,0.0263378532016,0.0272157816416,0.0272157816416,0.0272157816416,0.0267768174216,0.0254599247615,0.0263378532016,0.0272157816416,0.0272157816416,0.0267768174216,0.0263378532016,0.0276547458617,0.0285326743017,0.0276547458617,0.0276547458617,0.0276547458617,0.0276547458617,0.0280937100817,0.0276547458617,0.0276547458617,0.0272157816416,0.0258988889816,0.0250209605415,0.0237040678814,0.0241430321015,0.0241430321015,0.0237040678814,0.0241430321015,0.0245819963215,0.0245819963215,0.0237040678814,0.0219482110013,0.0223871752213,0.0215092467813,0.0215092467813,0.0206313183412,0.0206313183412,0.0201923541212,0.0206313183412,0.0210702825613,0.0201923541212,0.0210702825613,0.0223871752213,0.0219482110013,0.0219482110013,0.0215092467813,0.0210702825613,0.0215092467813,0.0223871752213,0.0223871752213,0.0215092467813,0.0210702825613,0.0219482110013,0.0228261394414,0.0237040678814,0.0250209605415,0.0258988889816,0.0263378532016,0.0276547458617,0.0280937100817,0.0285326743017,0.0276547458617,0.0285326743017,0.0276547458617,0.0280937100817,0.0276547458617,0.0280937100817,0.0285326743017,0.0276547458617,0.0272157816416,0.0272157816416,0.0263378532016,0.0258988889816,0.0258988889816,0.0254599247615,0.0245819963215,0.0237040678814,0.0237040678814,0.0241430321015,0.0245819963215,0.0241430321015,0.0245819963215,0.0237040678814,0.0237040678814,0.0245819963215,0.0245819963215,0.0241430321015,0.0237040678814,0.0254599247615,0.0263378532016,0.0263378532016,0.0263378532016,0.0250209605415,0.0245819963215,0.0245819963215,0.0254599247615,0.0250209605415,0.0258988889816,0.0254599247615,0.0258988889816,0.0258988889816,0.0263378532016,0.0280937100817,0.0289716385217,0.0298495669618,0.0311664596219,0.0320443880619,0.032483352282,0.033361280722,0.033800244942,0.033800244942,0.0342392091621,0.033800244942,0.033800244942,0.0342392091621,0.0342392091621,0.0351171376021,0.0346781733821,0.033800244942,0.0342392091621,0.0351171376021,0.0359950660422,0.033361280722,0.0316054238419,0.0320443880619,0.033361280722,0.032483352282,0.032922316502,0.0346781733821,0.0359950660422,0.0368729944822,0.0377509229223,0.0381898871423,0.0377509229223,0.0377509229223,0.0377509229223,0.0364340302622,0.0364340302622,0.0346781733821,0.0346781733821,0.0351171376021,0.0359950660422,0.0359950660422,0.0359950660422,0.0368729944822,0.0386288513623,0.0390678155824,0.0399457440224,0.0412626366825,0.0417016009025,0.0425795293426,0.0438964220026,0.0456522788827,0.0456522788827,0.0460912431028,0.0469691715428,0.0482860642029,0.049602956863,0.050041921083,0.049163992643,0.0509198495231,0.0522367421831,0.0513588137431,0.0513588137431,0.0513588137431,0.0517977779631,0.0531146706232,0.0544315632833,0.0553094917233,0.0566263843834,0.0579432770435,0.0592601697036,0.0610160265837,0.0627718834638,0.0623329192438,0.0614549908037,0.0614549908037,0.0618939550237,0.0618939550237,0.0636498119038,0.0654056687839,0.0640887761239,0.0623329192438,0.0610160265837,0.0623329192438,0.0618939550237,0.0623329192438,0.0627718834638,0.0623329192438,0.0636498119038,0.0649667045639,0.0645277403439,0.065844633004,0.067161525664,0.066722561444,0.066283597224,0.067161525664,0.066283597224,0.066722561444,0.0680394541041,0.0689173825441,0.0689173825441,0.0684784183241,0.0693563467642,0.0684784183241,0.0684784183241,0.0702342752042,0.0680394541041,0.0676004898841,0.0697953109842,0.0711122036443,0.0724290963044,0.0737459889644,0.0706732394243,0.0697953109842,0.0711122036443,0.0728680605244,0.0746239174045,0.0737459889644,0.0741849531845,0.0733070247444,0.0733070247444,0.0741849531845,0.0741849531845,0.0755018458445,0.0763797742846,0.0755018458445,0.0759408100646,0.0781356311647,0.0785745953847,0.0798914880448,0.082964237585,0.082525273365,0.082964237585,0.0807694164849,0.0816473449249,0.0842811302451,0.0847200944651,0.0855980229052,0.0851590586851,0.0855980229052,0.0869149155652,0.0882318082253,0.0886707724453,0.0908655935455,0.0917435219855,0.0913045577655,0.0948162715257,0.0987669495059,0.100961770606,0.102278663266,0.103595555926,0.102278663266,0.104034520146,0.104912448586,0.107985198127,0.107985198127,0.108863126567,0.109302090787,0.109302090787,0.111057947667,0.112374840327,0.111496911887,0.112813804547,0.112374840327,0.110180019227,0.114130697207,0.114130697207,0.117203446747,0.119398267847,0.120276196287,0.120715160507,0.124665838488,0.126860659588,0.125982731148,0.125982731148,0.128616516468,0.129494444908,0.128616516468,0.129933409128,0.133006158668,0.131689266008,0.129494444908,0.129933409128,0.129933409128,0.128616516468,0.132128230228,0.133445122888,0.135639943988,0.137395800868,0.140468550408,0.139151657748,0.138712693528,0.142663371509,0.144419228389,0.145736121049,0.148369906369,0.151003691689,0.154515405449,0.15890504765,0.15934401187,0.16022194031,0.16066090453,0.16109986875,0.16329468985,0.16592847517,0.16856226049,0.17075708159,0.177341544891,0.181292222871,0.185242900851,0.187437721951,0.189193578831,0.190949435711,0.192705292592,0.197533899012,0.201045612772,0.201923541212,0.204118362312,0.210263861393,0.215970396253,0.216409360473,0.218604181573,0.223432787993,0.227383465974,0.230456215514,0.237040678814,0.239674464134,0.247136855875,0.254599247615,0.253721319175,0.258110961376,0.258988889816,0.264256460456,0.271279887976,0.278742279717,0.282253993477,0.287960528337,0.292789134758,0.294983955858,0.299812562278,0.303324276038,0.308152882459,0.316054238419,0.317810095299,0.322199737499,0.32834523658,0.33361280722,0.33888037786,0.344586912721,0.348098626481,0.355122054001,0.363023409962,0.364779266842,0.371802694362,0.385849549403,